"site","lat","lon","BS.dens","TA.dens","PB.dens","total.dens","bs.prop","ta.prop","pb.prop"
1,64.06,-142.02,26000,104000,26000,156000,0.166666666666667,0.666666666666667,0.166666666666667
2,64.05,-142.06,11000,0,0,11000,1,0,0
3,64.04,-142.06,4000,186000,24000,214000,0.0186915887850467,0.869158878504673,0.11214953271028
4,64.02,-142.08,26000,0,1000,27000,0.962962962962963,0,0.037037037037037
5,64.02,-142.09,4000,13000,0,17000,0.235294117647059,0.764705882352941,0
6,63.98,-142.16,74000,0,0,74000,1,0,0
7,63.98,-142.16,9000,0,1000,10000,0.9,0,0.1
8,63.96,-142.17,29000,13000,0,42000,0.69047619047619,0.30952380952381,0
9,63.86,-142.23,11000,56000,36000,103000,0.106796116504854,0.543689320388349,0.349514563106796
10,63.85,-142.22,49000,26000,19000,94000,0.521276595744681,0.276595744680851,0.202127659574468
11,63.85,-142.22,36000,53000,21000,110000,0.327272727272727,0.481818181818182,0.190909090909091
12,63.82,-142.21,7000,96000,51000,154000,0.0454545454545455,0.623376623376623,0.331168831168831
13,63.66,-142.29,1000,1000,9000,11000,0.0909090909090909,0.0909090909090909,0.818181818181818
14,63.63,-142.31,4000,6000,0,10000,0.4,0.6,0
15,63.63,-142.32,2000,6000,0,8000,0.25,0.75,0
16,63.59,-142.36,4000,1000,0,5000,0.8,0.2,0
17,63.56,-142.37,4000,4000,0,8000,0.5,0.5,0
18,63.56,-142.37,3000,1000,0,4000,0.75,0.25,0
19,63.54,-142.39,1000,0,0,1000,1,0,0
20,63.53,-142.39,0,1000,0,1000,0,1,0
23,63.46,-142.47,4000,44000,0,48000,0.0833333333333333,0.916666666666667,0
24,63.46,-142.47,1000,1000,2000,4000,0.25,0.25,0.5
25,63.42,-142.48,20000,0,0,20000,1,0,0
26,63.52,-142.39,6000,1000,0,7000,0.857142857142857,0.142857142857143,0
27,63.4,-142.47,34000,1000,1000,36000,0.944444444444444,0.0277777777777778,0.0277777777777778
28,63.4,-142.49,63000,26000,14000,103000,0.611650485436893,0.252427184466019,0.135922330097087
29,63.39,-142.52,76000,31000,35000,142000,0.535211267605634,0.21830985915493,0.246478873239437
30,66.32,-150.41,6000,27000,0,33000,0.181818181818182,0.818181818181818,0
31,66.32,-150.4,4000,6000,1000,11000,0.363636363636364,0.545454545454545,0.0909090909090909
32,66.28,-150.36,60000,0,0,60000,1,0,0
33,66.27,-150.34,26000,0,0,26000,1,0,0
34,66.21,-150.27,6000,2000,3000,11000,0.545454545454545,0.181818181818182,0.272727272727273
35,66.21,-150.26,78000,9000,0,87000,0.896551724137931,0.103448275862069,0
36,66.21,-150.26,172000,15000,16000,203000,0.847290640394089,0.0738916256157636,0.0788177339901478
37,66.21,-150.23,88000,17000,78000,183000,0.480874316939891,0.092896174863388,0.426229508196721
38,66.19,-150.22,240000,23000,1000,264000,0.909090909090909,0.0871212121212121,0.00378787878787879
39,66.17,-150.2,222000,56000,6000,284000,0.78169014084507,0.197183098591549,0.0211267605633803
40,66.16,-150.2,65000,194000,47000,306000,0.212418300653595,0.633986928104575,0.15359477124183
41,66.16,-150.18,134000,57000,1000,192000,0.697916666666667,0.296875,0.00520833333333333
42,66.15,-150.18,86000,260000,2000,348000,0.247126436781609,0.747126436781609,0.00574712643678161
43,66.15,-150.18,53000,1000,1000,55000,0.963636363636364,0.0181818181818182,0.0181818181818182
44,66.14,-150.17,169000,17000,1000,187000,0.903743315508021,0.0909090909090909,0.0053475935828877
45,66.11,-150.16,0,31000,0,31000,0,1,0
46,66.11,-150.16,92000,37000,0,129000,0.713178294573643,0.286821705426357,0
47,66.12,-150.16,64000,0,0,64000,1,0,0
48,66.11,-150.16,84000,73000,0,157000,0.535031847133758,0.464968152866242,0
49,66.11,-150.15,244000,29000,1000,274000,0.89051094890511,0.105839416058394,0.00364963503649635
50,66.09,-150.16,124000,0,50000,174000,0.71264367816092,0,0.28735632183908
51,66.07,-150.17,14000,32000,0,46000,0.304347826086957,0.695652173913043,0
52,66.07,-150.17,71000,174000,0,245000,0.289795918367347,0.710204081632653,0
53,66.07,-150.17,34000,91000,0,125000,0.272,0.728,0
54,65.91,-149.78,32000,1000,3000,36000,0.888888888888889,0.0277777777777778,0.0833333333333333
55,65.9,-149.75,28000,104000,4000,136000,0.205882352941176,0.764705882352941,0.0294117647058824
56,65.9,-149.75,25000,81000,1000,107000,0.233644859813084,0.757009345794392,0.00934579439252336
57,65.88,-149.72,15000,0,0,15000,1,0,0
58,65.29,-146.55,7000,3000,5000,15000,0.466666666666667,0.2,0.333333333333333
59,65.29,-146.55,21000,6000,2000,29000,0.724137931034483,0.206896551724138,0.0689655172413793
60,65.29,-146.55,6000,0,0,6000,1,0,0
61,65.35,-146.67,6000,1000,0,7000,0.857142857142857,0.142857142857143,0
62,65.35,-146.67,2000,0,0,2000,1,0,0
63,65.35,-146.67,2000,0,0,2000,1,0,0
64,65.3,-146.72,0,4000,6000,10000,0,0.4,0.6
65,65.3,-146.72,4000,3000,1000,8000,0.5,0.375,0.125
66,65.3,-146.72,4000,1000,1000,6000,0.666666666666667,0.166666666666667,0.166666666666667
67,65.29,-146.73,3000,0,0,3000,1,0,0
68,65.28,-146.74,6000,5000,0,11000,0.545454545454545,0.454545454545455,0
69,65.28,-146.74,0,1000,0,1000,0,1,0
70,65.12,-147.43,41000,33000,11000,85000,0.482352941176471,0.388235294117647,0.129411764705882
71,65.12,-147.43,21000,29000,8000,58000,0.362068965517241,0.5,0.137931034482759
72,65.12,-147.43,65000,33000,43000,141000,0.460992907801418,0.234042553191489,0.304964539007092
73,65.12,-147.45,49000,29000,22000,1e+05,0.49,0.29,0.22
74,65.12,-147.47,15000,24000,13000,52000,0.288461538461538,0.461538461538462,0.25
75,65.12,-147.47,2000,2000,2000,6000,0.333333333333333,0.333333333333333,0.333333333333333
76,65.12,-147.47,22000,52000,26000,1e+05,0.22,0.52,0.26
77,65.13,-147.47,54000,51000,50000,155000,0.348387096774194,0.329032258064516,0.32258064516129
78,65.15,-147.48,6000,34000,4000,44000,0.136363636363636,0.772727272727273,0.0909090909090909
79,65.15,-147.48,112000,168000,56000,336000,0.333333333333333,0.5,0.166666666666667
80,65.15,-147.47,82000,86000,64000,232000,0.353448275862069,0.370689655172414,0.275862068965517
81,65.15,-147.47,115000,74000,61000,250000,0.46,0.296,0.244
82,65.15,-147.47,21000,20000,129000,170000,0.123529411764706,0.117647058823529,0.758823529411765
83,65.15,-147.47,18000,38000,87000,143000,0.125874125874126,0.265734265734266,0.608391608391608
84,65.15,-147.48,129000,5000,6000,140000,0.921428571428571,0.0357142857142857,0.0428571428571429
85,65.14,-147.47,11000,24000,17000,52000,0.211538461538462,0.461538461538462,0.326923076923077
86,65.14,-147.46,163000,91000,161000,415000,0.392771084337349,0.219277108433735,0.387951807228916
87,65.14,-147.47,66000,58000,463000,587000,0.112436115843271,0.0988074957410562,0.788756388415673
88,65.15,-147.34,63000,11000,0,74000,0.851351351351351,0.148648648648649,0
89,65.15,-147.34,26000,0,0,26000,1,0,0
90,65.15,-147.34,65000,0,1000,66000,0.984848484848485,0,0.0151515151515152
