"burn"	"site"	"burnsite"	"mix.type"	"site.type"	"moist.class"	"elev"	"Lat.N."	"Lon.W."	"slope.deg"	"aspect"	"asp.folded"	"lat.rad"	"slope.rad"	"aspect.rad"	"ln.Htload."	"insolation"	"moisture"	"pH"	"text.class"	"org"	"BS.dens"	"BS.ba"	"TA.dens"	"TA.ba"	"PB.dens"	"PB.ba"	"BS.dens.post"	"TA.dens.post"	"PB.dens.post"	"BS.BAI"	"BS.rw"	"BS.mean.age"	"total.dens"	"bs.prop"	"ta.prop"	"pb.prop"
"1"	"RR"	"N1"	"RRN1"	"BS"	"N"	5	374	65.12058	-147.44743	16.5	10	35	1.136568532	0.287979327	0.610865238	-0.987109658	0.522	60	4.79	2	13.3	0.258333333	3.111812973	0	0	0	0	20000	10000	42000	NA	NA	NA	72000	0.277777777777778	0.138888888888889	0.583333333333333
"2"	"RR"	"N2"	"RRN2"	"BS"	"N"	3	442	65.11866	-147.44551	12.75	10	35	1.136535021	0.22252948	0.610865238	-2.010833312	0.577	29	4.783333333	3	9.6	0.466666667	4.158552375	0	0	0	0	32000	17000	27000	NA	NA	NA	76000	0.421052631578947	0.223684210526316	0.355263157894737
"3"	"RR"	"N3"	"RRN3"	"BS"	"N"	3	457	65.11803	-147.44476	8.5	10	35	1.136524026	0.148352986	0.610865238	-0.28116551	0.636	24	4.99	3	13.7	0.633333333	9.21991994	0	0	0	0	1000	4000	11000	NA	NA	NA	16000	0.0625	0.25	0.6875
"4"	"RR"	"S1"	"RRS1"	"BS"	"S"	2	470	65.11415	-147.43173	11.5	190	145	1.136456307	0.200712864	2.530727415	-0.789724446	0.859	15	4.63	3	6.9	0.208333333	10.28845414	0	0	0	0	9000	21000	21000	NA	NA	NA	51000	0.176470588235294	0.411764705882353	0.411764705882353
"5"	"RR"	"S2"	"RRS2"	"BS"	"S"	2	496	65.11598	-147.431	3.5	190	145	1.136488247	0.061086524	2.530727415	-0.059875822	0.781	18.33333333	4.863333333	3	5.6	0.241666667	12.52467906	0	0	0.116666667	8.593303105	13000	4000	25000	NA	NA	NA	42000	0.30952380952381	0.0952380952380952	0.595238095238095
"6"	"RR"	"S3"	"RRS3"	"BS"	"S"	1	498	65.11656	-147.43144	2.5	190	145	1.13649837	0.043633231	2.530727415	-1.122678737	0.77	13.33333333	4.92	3	4.9	0.3	10.95290099	0	0	0	0	14000	38000	25000	NA	NA	NA	77000	0.181818181818182	0.493506493506494	0.324675324675325
"7"	"BF"	"M1"	"BFM1"	"PB"	"PB"	1	473	65.28825	-146.4298	21.5	93	48	1.139494925	0.375245789	0.837758041	-0.286034039	0.702	17.66666667	5.01	3	10.4	0.041666667	1.913884425	0	0	0.158333333	7.322070728	0	14000	25000	85.4829725	0.514752985	51.1	39000	0	0.358974358974359	0.641025641025641
"8"	"BF"	"M2"	"BFM2"	"PB"	"PB"	2	459	65.27906666	-149.6081333	3	165	120	1.139334646	0.052359878	2.094395102	-0.309306017	0.773	48.33333333	5.01	3	9.9	0.316666667	11.87345308	0	0	0.066666667	3.776652519	21000	2000	72000	60.5502815	0.402312124	53.25	95000	0.221052631578947	0.0210526315789474	0.757894736842105
"9"	"BF"	"M3"	"BFM3"	"PB"	"PB"	1	369	65.24006667	-146.8293333	23	82	37	1.138653968	0.401425728	0.645771823	0.286694346	0.644	12.66666667	4.45	3	6.4	0.108333333	4.748844545	0	0	0.166666667	4.614672359	13000	21000	61000	107.3206741	0.599226791	57	95000	0.136842105263158	0.221052631578947	0.642105263157895
"10"	"BF"	"M4"	"BFM4"	"PB"	"PB"	2	383	65.07036	-147.28086	20	284	121	1.135692027	0.34906585	2.111848395	-1.424454324	0.641	30.66666667	4.96	2	6.2	0.075	4.803429717	0.008333333	0.388052143	0.216666667	10.39507194	3000	18000	18000	233.8144188	0.947889585	52.3	39000	0.0769230769230769	0.461538461538462	0.461538461538462
"11"	"BF"	"M5"	"BFM5"	"PB"	"PB"	3	219	65.08856	-147.23226	0	90	45	1.136009677	0	0.785398163	-2.091060214	0.742	49	5.33	3	5.6	0.333333333	11.46988933	0.008333333	0.075660023	0.158333333	9.673618279	6000	5000	35000	80.12248682	0.402975897	61.2	46000	0.130434782608696	0.108695652173913	0.760869565217391
"12"	"BF"	"M6"	"BFM6"	"PB"	"PB"	2	363	65.14379	-146.49784	18	83	38	1.136973623	0.314159265	0.663225116	-1.009858045	0.679	26.66666667	5.55	2	6	0.333333333	12.252015	0.008333333	0.227830917	0.141666667	3.156646118	27000	2000	20000	67.17943453	0.379001318	59.8	49000	0.551020408163265	0.0408163265306122	0.408163265306122
"13"	"BF"	"M7"	"BFM7"	"TA"	"TA"	1	452	65.29406	-146.501316	11	202	157	1.139596329	0.191986218	2.740166926	-0.14103378	0.846	25	5.356666667	2	5.7	0.075	4.966857985	0.108333333	9.033911475	0	0	0	82000	0	151.3042576	0.649397079	61.77778	82000	0	1	0
"14"	"BF"	"M8"	"BFM8"	"TA"	"TA"	1	473	65.28096	-146.74013	16	224	179	1.139367691	0.27925268	3.124139361	-0.440036976	0.846	14.33333333	4.97	1	2.2	0.275	5.89722756	0.25	25.7202845	0	0	0	61000	0	122.1157697	0.671465718	55.3	61000	0	1	0
"15"	"BF"	"M9"	"BFM9"	"TA"	"TA"	1	344	65.23803	-146.81425	10	111	66	1.138618421	0.174532925	1.151917306	-0.771821396	0.771	8	5.116666667	1	2.7	0.208333333	6.23488332	0.1	4.217457238	0.025	1.001317208	13000	31000	3000	166.5848892	0.845338385	50.5	47000	0.276595744680851	0.659574468085106	0.0638297872340425
"16"	"BF"	"M10"	"BFM10"	"TA"	"TA"	2	534	65.17773	-146.3922	12	212	167	1.137565987	0.20943951	2.914699851	-2.274597809	0.844	18.66666667	5	1	5.7	0.033333333	2.579378468	0.000833333	0.035145477	0	0	2000	42000	6000	214.3290865	0.746648271	60.5	50000	0.04	0.84	0.12
"17"	"BF"	"M11"	"BFM11"	"TA"	"TA"	3	399	65.2782	-146.645683	17	132	87	1.13931952	0.296705973	1.518436449	0.032190156	0.841	19.33333333	5.286666667	2	4.5	0.275	5.193445355	0.25	12.80788055	0.033333333	0.92814428	2000	33000	2000	75.12788835	0.770757409	36.4	37000	0.0540540540540541	0.891891891891892	0.0540540540540541
"18"	"BF"	"M12"	"BFM12"	"TA"	"TA"	2	368	65.15842	-146.44219	16	148	103	1.137228964	0.27925268	1.79768913	-0.572731531	0.871	7.333333333	4.573333333	2	2.9	0.2	6.694472145	0.066666667	5.922098502	0.033333333	2.436697802	23000	50000	22000	130.2918265	0.804190921	44.4	95000	0.242105263157895	0.526315789473684	0.231578947368421
"19"	"BF"	"D1"	"BFD1"	"BS"	"D"	2	236	65.18373333	-147.26666	0	90	45	1.137670765	0	0.785398163	-2.186466946	0.741	25.33333333	5.583333333	1	12	0.525	9.742667867	0	0	0	0	88000	1000	8000	38.4685045	0.309656694	60	97000	0.907216494845361	0.0103092783505155	0.0824742268041237
"20"	"BF"	"D2"	"BFD2"	"BS"	"D"	3	378	65.2715666	-146.707633	0	90	45	1.139203745	0	0.785398163	-2.266900867	0.74	72.33333333	6.456666667	3	21	0.525	9.48911516	0	0	0	0	59000	7000	5000	39.05220774	0.330564574	49	71000	0.830985915492958	0.0985915492957746	0.0704225352112676
"21"	"BF"	"D3"	"BFD3"	"BS"	"D"	3	357	65.26613333	-146.72455	0	90	45	1.139108917	0	0.785398163	-2.262149859	0.74	60.66666667	6.106666667	3	15.1	0.508333333	6.932251439	0	0	0	0	78000	7000	4000	28.13450156	0.287254374	56.9	89000	0.876404494382023	0.0786516853932584	0.0449438202247191
"22"	"BF"	"N1"	"BFN1"	"BS"	"N"	3	271	65.15128333	-147.3421166	20.5	330	75	1.137104406	0.357792497	1.308996939	-2.475834554	0.488	38	4.93	5	35.5	0.208333333	2.500053254	0	0	0	0	1000	0	0	31.86519018	0.278397685	58	1000	1	0	0
"23"	"BF"	"N2"	"BFN2"	"BS"	"N"	3	252	65.16571666	-147.2900333	27	320	85	1.137356315	0.471238898	1.483529864	-0.319134354	0.42	49.33333333	5.203333333	5	41.8	0.001736111	0.020833777	0	0	0	0	48000	0	0	21.47208691	0.164148571	103.375	48000	1	0	0
"24"	"BF"	"N3"	"BFN3"	"BS"	"N"	3	507	65.28393333	-146.7349	16	330	75	1.139419585	0.27925268	1.308996939	0.096287278	0.549	40	4.896666667	2	13.5	0.283333333	4.971308575	0	0	0	0	1000	0	0	39.71504382	0.399416921	46.1	1000	1	0	0
"25"	"BF"	"S1"	"BFS1"	"BS"	"S"	2	387	65.26211666	-146.7543167	0	170	125	1.139038813	0	2.181661565	-2.258618084	0.74	36.66666667	6.723333333	3	14.2	0.441666667	11.0561154	0	0	0	0	79000	2000	42000	24.33182509	0.386357435	63.33333	123000	0.642276422764228	0.016260162601626	0.341463414634146
"26"	"BF"	"S2"	"BFS2"	"BS"	"S"	2	468	65.29468333	-146.5243333	12.75	170	125	1.139607208	0.22252948	2.181661565	-2.473495286	0.868	22.66666667	5.25	3	12.7	0.241666667	10.14060294	0	0	0	0	13000	19000	0	36.06148649	0.378449715	60.33333	32000	0.40625	0.59375	0
"27"	"BF"	"S3"	"BFS3"	"BS"	"S"	2	485	65.2932666	-146.3917	14	219	174	1.139582482	0.244346095	3.036872898	-1.632903321	0.845	43	5.433333333	3	8.9	0.166666667	4.301036692	0	0	0	0	55000	16000	4000	23.33414224	0.369013665	62.3	75000	0.733333333333333	0.213333333333333	0.0533333333333333
"28"	"BF"	"W1"	"BFW1"	"BS"	"W"	5	279	65.22406667	-147.1307167	0	90	45	1.138374715	0	0.785398163	-2.22435118	0.741	53.66666667	5.366666667	3	17.9	0.383333333	2.53598522	0	0	0	0	39000	0	0	42.72078364	0.403230029	36.88889	39000	1	0	0
"29"	"BF"	"W2"	"BFW2"	"BS"	"W"	6	424	65.28941667	-146.4879	0	90	45	1.139515288	0	0.785398163	-2.282294509	0.74	63	5.01	5	11.8	0.208333333	2.607325553	0	0	0	0	12000	0	2000	64.53822676	0.419302244	62	14000	0.857142857142857	0	0.142857142857143
"30"	"BF"	"W3"	"BFW3"	"BS"	"W"	5	210	65.15606667	-147.3326833	0	90	45	1.137187891	0	0.785398163	-2.159582455	0.741	67	5.2	3	10.2	0.45	3.764478847	0	0	0	0	20000	1000	1000	42.19432576	0.323135688	46.7	22000	0.909090909090909	0.0454545454545455	0.0454545454545455
"31"	"DC"	"M1"	"DCM1"	"TA"	"TA"	1	167	66.11036667	-150.1541833	0	90	45	1.153843568	0	0.785398163	-2.5733653	0.73	5	5.726666667	1	1	0.083333333	4.412759581	0.125	2.743984833	0	0	1000	27000	0	154.360997	0.888670094	45.6	28000	0.0357142857142857	0.964285714285714	0
"32"	"DC"	"M2"	"DCM2"	"TA"	"TA"	1	225	66.07668333	-150.16755	0	90	45	1.153255683	0	0.785398163	-2.578812235	0.73	13	5.74	1	1	0.366666667	6.892850632	0.1	0.288372026	0	0	18000	39000	0	83.68339135	0.585174553	46.6	57000	0.315789473684211	0.684210526315789	0
"33"	"DC"	"M3"	"DCM3"	"TA"	"TA"	2	141	66.89646667	-149.7547833	0	90	45	1.167563601	0	0.785398163	-2.050608806	0.721	34.33333333	6.4	5	4.8	0.575	13.46427706	0.2	69.41492958	0	0	80000	83000	78000	74.02048382	0.527262456	51.1	241000	0.33195020746888	0.344398340248963	0.323651452282158
"34"	"DC"	"M4"	"DCM4"	"TA"	"TA"	2	111	65.54447	-149.46967	0	90	45	1.143966808	0	0.785398163	-2.463679555	0.737	24.33333333	7.096666667	2	10.8	0.758333333	17.03234092	0.191666667	15.64886206	0	0	15000	37000	0	74.55760879	0.644920406	43.6	52000	0.288461538461538	0.711538461538462	0
"35"	"DC"	"M5"	"DCM5"	"TA"	"TA"	2	211	66.065	-150.0773	0	90	45	1.15305177	0	0.785398163	-2.580345976	0.731	3.333333333	6.113333333	1	2.2	0.141666667	9.440551374	0.183333333	7.255573683	0	0	6000	11000	3000	148.5756946	0.751981406	48.3	20000	0.3	0.55	0.15
"36"	"DC"	"M6"	"DCM6"	"PB"	"PB"	3	259	66.09015	-150.10638	0	90	45	1.153490721	0	0.785398163	-2.576817006	0.73	21.66666667	6.2	2	5.1	0.483333333	27.70642556	0	0	0.066666667	2.667277613	34000	101000	5000	82.32775529	0.303852818	70.6	140000	0.242857142857143	0.721428571428571	0.0357142857142857
"37"	"DC"	"M7"	"DCM7"	"PB"	"PB"	2	484	66.12109	-150.15542	10	112	67	1.154030726	0.174532925	1.169370599	0.08948313	0.763	10	5.42	3	4.1	0.05	5.849056472	0	0	0.05	4.887467321	12000	0	26000	70.35952906	0.910617535	49.625	38000	0.315789473684211	0	0.684210526315789
"38"	"DC"	"M8"	"DCM8"	"PB"	"PB"	3	245	66.08195	-150.10324	0	90	45	1.153347604	0	0.785398163	-2.578060899	0.73	39.66666667	6.033333333	3	7.4	0.791666667	16.15878181	0	0	0.033333333	1.690045948	65000	19000	37000	183.8869433	0.239727776	66.4	121000	0.537190082644628	0.15702479338843	0.305785123966942
"39"	"DC"	"M9"	"DCM9"	"PB"	"PB"	3	260	66.08898	-150.10966	0	90	45	1.1534703	0	0.785398163	-2.577000004	0.73	24.66666667	6.57	2	6	1.175	23.31199194	0	0	0.05	1.571712625	65000	53000	80000	40.65511588	0.329595956	62.5	198000	0.328282828282828	0.267676767676768	0.404040404040404
"40"	"DC"	"M10"	"DCM10"	"PB"	"PB"	2	268	66.0965	-150.12058	15	255	150	1.153601549	0.261799388	2.617993878	-0.289285319	0.752	8.666666667	6.3	1	3.7	1.033333333	11.4814085	0	0	0.225	4.734641928	14000	15000	13000	60.82711606	0.323337926	64	42000	0.333333333333333	0.357142857142857	0.30952380952381
"41"	"DC"	"M11"	"DCM11"	"PB"	"PB"	1	190	65.58354	-150.00049	11	302	103	1.144648708	0.191986218	1.79768913	-1.758450266	0.654	11.66666667	5.38	1	3.5	0.266666667	10.56039826	0	0	0	0	28000	0	0	37.207203	0.34654795	62.4	28000	1	0	0
"42"	"DC"	"M12"	"DCM12"	"TA"	"TA"	3	122	65.54693	-149.47666	0	90	45	1.144009743	0	0.785398163	-2.465057174	0.737	46.66666667	6.823333333	3	11.6	0.641666667	12.24815346	0.1	5.628752288	0.016666667	3.197225023	130000	22000	43000	51.22632859	0.710099838	41.4	195000	0.666666666666667	0.112820512820513	0.220512820512821
"43"	"DC"	"D1"	"DCD1"	"BS"	"D"	2	319	66.16901667	-150.2023167	0	90	45	1.154867204	0	0.785398163	-2.560264789	0.729	47.33333333	6.533333333	2	6.5	0.791666667	5.510418964	0	0	0	0	144000	77000	16000	18.19580903	0.207560471	58.6	237000	0.607594936708861	0.324894514767932	0.0675105485232067
"44"	"DC"	"D2"	"DCD2"	"BS"	"D"	2	248	66.13816667	-150.1670333	0	90	45	1.15432877	0	0.785398163	-2.567726607	0.73	42.66666667	6.476666667	3	7.6	0.666666667	6.737014546	0	0	0	0	88000	81000	1000	19.28497509	0.18661995	63.77778	170000	0.517647058823529	0.476470588235294	0.00588235294117647
"45"	"DC"	"D3"	"DCD3"	"BS"	"D"	2	159	65.96183333	-149.9766667	0	90	45	1.151251172	0	0.785398163	-2.585908979	0.732	38.33333333	6.913333333	4	8.5	0.816666667	8.626028029	0	0	0.008333333	1.803535983	61000	1000	3000	17.92093206	0.120659071	85.6	65000	0.938461538461538	0.0153846153846154	0.0461538461538462
"46"	"DC"	"N1"	"DCN1"	"BS"	"N"	2	523	66.2603166	-150.3361	6.5	330	75	1.156460688	0.113446401	1.308996939	-2.434448991	0.656	23.33333333	4.776666667	2	3.4	0.116666667	8.131292636	0	0	0	0	28000	0	0	130.4971379	0.676226371	56	28000	1	0	0
"47"	"DC"	"N2"	"DCN2"	"BS"	"N"	3	464	66.2118166	-150.2578166	11.5	20	25	1.155614203	0.200712864	0.436332313	-2.176916599	0.585	30.83333333	4.94	1	13.7	0.55	6.786167381	0	0	0	0	125000	125000	23000	29.70420029	0.247878468	58.4	273000	0.457875457875458	0.457875457875458	0.0842490842490843
"48"	"DC"	"N3"	"DCN3"	"BS"	"N"	2	464	66.11195	-150.1569333	8.5	342	63	1.153871202	0.148352986	1.099557429	-0.194913677	0.626	7	5.563333333	1	3.8	0.166666667	6.901424561	0.033333333	0.403891006	0	0	0	19000	0	110.38264	0.614947494	49.1	19000	0	1	0
"49"	"DC"	"S1"	"DCS1"	"BS"	"S"	2	518	66.25559833	-150.321	4.25	150	105	1.156378339	0.074176493	1.832595715	-0.331723111	0.77	20.33333333	4.943333333	2	3.8	0.158333333	10.90865689	0	0	0	0	33000	16000	0	224.0532524	0.920304459	55.25	49000	0.673469387755102	0.326530612244898	0
"50"	"DC"	"S2"	"DCS2"	"BS"	"S"	1	218	66.073	-150.1683666	15	168	123	1.153191397	0.261799388	2.14675498	-0.385227673	0.88	30.66666667	6.083333333	2	2	1.075	12.48180941	0	0	0	0	16000	16000	0	31.04688518	0.280089256	55.7	32000	0.5	0.5	0
"51"	"DC"	"S3"	"DCS3"	"BS"	"S"	2	194	66.07135	-150.1691333	8.5	160	115	1.153162599	0.148352986	2.00712864	-0.153238075	0.818	51.66666667	7.603333333	5	8.6	0.558333333	11.98157623	0	0	0	0	12000	80000	1000	34.44394488	0.317210876	54.44444	93000	0.129032258064516	0.860215053763441	0.010752688172043
"52"	"DC"	"W1"	"DCW1"	"BS"	"W"	6	167	66.11525	-150.16475	0	90	45	1.153928798	0	0.785398163	-2.572449524	0.73	57.66666667	6.55	5	19.8	0.466666667	3.171241434	0	0	0	0	32000	10000	0	17.77627206	0.153263427	69.71429	42000	0.761904761904762	0.238095238095238	0
"53"	"DC"	"W2"	"DCW2"	"BS"	"W"	5	130	66.17566666	-150.2105	0	90	45	1.154983268	0	0.785398163	-2.558490955	0.729	49.66666667	5.216666667	4	28.6	0.375	2.29637333	0	0	0	0	29000	0	666.66667	25.40531135	0.372626341	39.75	29666.66667	0.977528089777806	0	0.0224719102221942
"54"	"DC"	"W3"	"DCW3"	"BS"	"W"	6	215	66.10715	-150.1558666	0	90	45	1.153787427	0	0.785398163	-2.573951103	0.73	71	5.52	5	20.4	0.266666667	1.356251728	0	0	0	0	64000	15000	0	23.94610029	0.353920174	42.22222	79000	0.810126582278481	0.189873417721519	0
"55"	"TC"	"M1"	"TCM1"	"TA"	"TA"	1	756	63.99109	-142.13461	0	146	101	1.116855212	0	1.762782545	-0.69594735	0.755	13.66666667	5.196666667	1	2.5	0.158333333	2.226145644	0.158333333	84.31445634	0	0	4000	135000	0	88.93359874	0.572890797	51.4	139000	0.0287769784172662	0.971223021582734	0
"56"	"TC"	"M2"	"TCM2"	"TA"	"TA"	2	650	64.05722	-142.0309	9.75	182	137	1.118009399	0.170169602	2.391101075	-1.318463623	0.855	14.66666667	5.336666667	3	3.5	0.133333333	5.122497721	0.108333333	7.749654578	0	0	40000	191000	1000	79.16026047	0.542365215	54.8	232000	0.172413793103448	0.823275862068966	0.00431034482758621
"57"	"TC"	"M3"	"TCM3"	"TA"	"TA"	2	697	63.85791	-142.23207	7.25	241	164	1.114530783	0.126536371	2.862339973	-1.666644566	0.79	23.66666667	5.466666667	2	5.4	0.166666667	1.44958321	0.225	2.066840717	0	0	5000	68000	5000	111.4306938	0.613009276	55.1	78000	0.0641025641025641	0.871794871794872	0.0641025641025641
"58"	"TC"	"M4"	"TCM4"	"TA"	"TA"	2	678	63.98396	-142.14635	9	158	113	1.11673077	0.157079633	1.972222055	-2.391371022	0.841	34	5.903333333	2	6.3	0.433333333	4.282514386	0.25	18.5186415	0.008333333	0.388052143	0	38000	0	83.72520538	0.808160568	32.4	38000	0	1	0
"59"	"TC"	"M5"	"TCM5"	"TA"	"TA"	2	682	63.96906	-142.16295	3	180	135	1.116470716	0.052359878	2.35619449	-1.659689368	0.788	41.66666667	5.95	2	6.2	0.508333333	4.807160359	0.141666667	17.38308665	0	0	1000	13000	0	59.35829138	0.795160968	31.1	14000	0.0714285714285714	0.928571428571429	0
"60"	"TC"	"M6"	"TCM6"	"TA"	"TA"	2	898	63.6229	-142.32236	15	120	75	1.110429085	0.261799388	1.308996939	-2.791200179	0.818	17.33333333	6.19	2	6.6	0.316666667	6.494195614	0.083333333	1.524326935	0	0	3000	29000	0	70.29153068	0.506996697	55.8	32000	0.09375	0.90625	0
"61"	"TC"	"M7"	"TCM7"	"PB"	"PB"	3	738	64.02663	-142.07826	5	238	167	1.117475502	0.087266463	2.914699851	-1.708776029	0.782	13	5.466666667	2	9.4	0.625	10.91192938	0	0	0.091666667	11.81651172	0	0	1000	55.41097697	0.319893321	65.875	1000	0	0	1
"62"	"TC"	"M8"	"TCM8"	"PB"	"PB"	1	676	63.36998	-142.56644	9	342	63	1.106014798	0.157079633	1.099557429	-2.622780377	0.656	9.333333333	6.1	1	7.4	0.691666667	6.784334785	0	0	0.033333333	1.361029567	29000	40000	139000	25.25008838	0.207389685	62.22222	208000	0.139423076923077	0.192307692307692	0.668269230769231
"63"	"TC"	"M9"	"TCM9"	"PB"	"PB"	1	806	63.40369	-142.47316	22	112	67	1.106603148	0.383972435	1.169370599	-2.370169245	0.799	64.66666667	5.21	1	4.2	0.25	6.779229697	0	0	0.175	14.81954705	3000	12000	6000	68.73565471	0.441355244	64.7	21000	0.142857142857143	0.571428571428571	0.285714285714286
"64"	"TC"	"M10"	"TCM10"	"PB"	"PB"	1	686	63.37014	-142.57756	15	172	127	1.10601759	0.261799388	2.21656815	-2.096305509	0.903	5.666666667	6.066666667	1	3.75	0.5	13.76554271	0	0	0.05	1.606335594	114000	49000	134000	34.92406747	0.247834124	60.8	297000	0.383838383838384	0.164983164983165	0.451178451178451
"65"	"TC"	"M11"	"TCM11"	"PB"	"PB"	2	724	64.00208	-142.11612	14	176	131	1.117047024	0.244346095	2.28638132	-2.50072931	0.892	18.66666667	5.483333333	2	5.1	0.283333333	15.16859108	0	0	0.075	6.888400042	1000	10000	0	86.87650521	0.430446106	72.33333	11000	0.0909090909090909	0.909090909090909	0
"66"	"TC"	"M12"	"TCM12"	"PB"	"PB"	2	744	64.00407	-142.11273	6	62	17	1.117081756	0.104719755	0.296705973	-0.644448865	0.718	19.33333333	5.286666667	2	4.5	0.258333333	6.751675312	0	0	0.058333333	6.146722376	19000	0	2000	89.22753759	0.648433412	45.5	21000	0.904761904761905	0	0.0952380952380952
"67"	"TC"	"D1"	"TCD1"	"BS"	"D"	3	659	63.96244	-142.16904	0	90	45	1.116355176	0	0.785398163	-0.660725972	0.755	57.33333333	6.46	5	15.3	0.408333333	17.95871805	0	0	0	0	8000	555.55556	2000	30.88950406	0.127145656	131.3	10555.55556	0.757894736522992	0.0526315793462604	0.189473684130748
"68"	"TC"	"D2"	"TCD2"	"BS"	"D"	2	796	63.50164	-142.4129	0	90	45	1.108312698	0	0.785398163	-0.17766215	0.76	45.66666667	6.576666667	3	15.6	0.391666667	8.686700037	0	0	0	0	5000	5000	0	40.12312265	0.203320212	119.3	10000	0.5	0.5	0
"69"	"TC"	"D3"	"TCD3"	"BS"	"D"	3	802	63.4045	-142.47238	0	90	45	1.106617286	0	0.785398163	-0.101365959	0.761	42	5.743333333	4	9	0.833333333	34.54868346	0	0	0	0	35000	2000	1000	35.87392505	0.236283376	63.33333	38000	0.921052631578947	0.0526315789473684	0.0263157894736842
"70"	"TC"	"N1"	"TCN1"	"BS"	"N"	5	665	63.9617	-142.16304	5.5	31	14	1.11634226	0.095993109	0.244346095	-2.330291491	0.659	51	5.95	5	17.1	0.708333333	4.833013048	0	0	0	0	28000	0	0	24.09063841	0.236905115	60	28000	1	0	0
"71"	"TC"	"N2"	"TCN2"	"BS"	"N"	3	857	63.56224	-142.3734	8.5	12	33	1.109370368	0.148352986	0.575958653	-1.708596408	0.657	18.33333333	5.15	3	6.6	0.266666667	14.12322612	0	0	0	0	1000	2000	0	52.38398362	0.299583938	92.22222	3000	0.333333333333333	0.666666666666667	0
"72"	"TC"	"N3"	"TCN3"	"BS"	"N"	2	840	63.42263	-142.49141	21.75	33	12	1.106933714	0.379609112	0.20943951	-2.571287194	0.502	8.333333333	4.616666667	2	8.4	0.208333333	10.98510231	0	0	0	0	36000	30000	2000	43.43039488	0.196312582	121	68000	0.529411764705882	0.441176470588235	0.0294117647058824
"73"	"TC"	"S1"	"TCS1"	"BS"	"S"	3	611	63.94592	-142.18526	10	220	175	1.116066847	0.174532925	3.054326191	-1.00841882	0.831	37.66666667	5.706666667	4	10.6	0.55	23.72282063	0	0	0	0	14000	17000	0	28.53068768	0.195815176	123.75	31000	0.451612903225806	0.548387096774194	0
"74"	"TC"	"S2"	"TCS2"	"BS"	"S"	2	870	63.53502	-142.39516	6.25	195	150	1.108895289	0.109083078	2.617993878	-0.170150005	0.824	28.66666667	5.476666667	5	9.3	0.708333333	29.34116639	0	0	0	0	333.33333	0	0	34.84656874	0.152895576	72.44444	333.33333	1	0	0
"75"	"TC"	"S3"	"TCS3"	"BS"	"S"	2	825	63.47665	-142.44905	5	210	165	1.107876541	0.087266463	2.879793266	-1.150584948	0.807	40.33333333	5.843333333	4	10.2	0.708333333	11.33682979	0	0	0	0	2000	166.66667	0	32.21288562	0.203435915	67.9	2166.66667	0.923076921656805	0.0769230783431953	0
"76"	"TC"	"W1"	"TCW1"	"BS"	"W"	6	595	64.06035	-142.02039	0	90	45	1.118064027	0	0.785398163	-0.782867131	0.754	57	6.286666667	5	18.1	0.258333333	1.608757238	0	0	0	0	30000	0	0	16.21337106	0.300440582	37.3	30000	1	0	0
"77"	"TC"	"W2"	"TCW2"	"BS"	"W"	6	596	63.92665	-142.19987	0	90	45	1.115730522	0	0.785398163	-0.617393582	0.756	57	6.246666667	5	15.8	0.216666667	4.890412564	0	0	0	0	39000	0	0	31.20647975	0.316013571	51.88889	39000	1	0	0
"78"	"TC"	"W3"	"TCW3"	"BS"	"W"	6	681	63.80704	-142.20879	0	90	45	1.113642934	0	0.785398163	-0.478632014	0.757	52.33333333	6.176666667	5	21.7	0.283333333	2.983793073	0	0	0	0	1000	0	0	23.15529545	0.382325541	45.4	1000	1	0	0
"79"	"EP"	"D1"	"EPD1"	"BS"	"D"	3	652	66.16379	-137.08949	0	90	45	1.154775981	0	0.785398163	-2.561617863	0.729	22.7	4.91	2	7.9	0.391666667	5.78	0	0	0	0	27000	0	0	NA	NA	NA	27000	1	0	0
"80"	"EP"	"D2"	"EPD2"	"BS"	"D"	2	620	66.16853	-137.06216	0	90	45	1.15485871	0	0.785398163	-2.560392304	0.729	23.67	5.07	3	4.5	0.466666667	0.13	0	0	0	0	33000	0	0	NA	NA	NA	33000	1	0	0
"81"	"EP"	"D3"	"EPD3"	"BS"	"D"	1	630	66.18126	-137.02205	0	90	45	1.15508089	0	0.785398163	-2.556953689	0.729	12.33	4.85	2	3.1	0.4	2.13	0	0	0	0	39000	0	0	NA	NA	NA	39000	1	0	0
"82"	"EP"	"N1"	"EPN1"	"BS"	"N"	4	642	66.16714	-137.08195	10	60	15	1.15483445	0.174532925	0.261799388	-0.182297923	0.659	36.33	5.19	3	10.4	0.466666667	1.71	0	0	0	0	19000	0	0	NA	NA	NA	19000	1	0	0
"83"	"EP"	"N2"	"EPN2"	"BS"	"N"	4	619	66.16925	-137.06044	6	10	35	1.154871276	0.104719755	0.610865238	-2.412991462	0.655	52.67	6.14	5	8.1	0.533333333	1.83	0	0	0	0	25000	0	0	NA	NA	NA	25000	1	0	0
"84"	"EP"	"N3"	"EPN3"	"BS"	"N"	3	782	66.24022	-136.90408	5	11	34	1.156109936	0.087266463	0.593411946	-1.584159445	0.667	9.33	4.95	5	7.3	0.333333333	3.68	0	0	0	0	1000	0	0	NA	NA	NA	1000	1	0	0
"85"	"EP"	"S1"	"EPS1"	"BS"	"S"	2	613	66.15619	-137.1515	5.5	152	107	1.154643336	0.095993109	1.8675023	-2.441491238	0.784	33	5.45	5	6.9	0.358333333	32.55	0	0	0	0	51000	0	0	NA	NA	NA	51000	1	0	0
"86"	"EP"	"S2"	"EPS2"	"BS"	"S"	2	778	66.23415	-136.90146	5	200	155	1.156003995	0.087266463	2.705260341	-1.208089416	0.782	21.33	4.74	4	5.3	0.283333333	2.68	0	0	0	0	0	0	0	NA	NA	NA	0	NA	NA	NA
"87"	"EP"	"S3"	"EPS3"	"BS"	"S"	2	612	66.16673	-137.06625	14.5	148	103	1.154827294	0.253072742	1.79768913	-0.68121176	0.852	20.67	4.9	5	2.5	0.183333333	10.97	0	0	0	0	30000	0	0	NA	NA	NA	30000	1	0	0
"88"	"EP"	"W1"	"EPW1"	"BS"	"W"	5	598	66.15614	-137.14494	0	90	45	1.154642463	0	0.785398163	-2.563532986	0.729	37.33	5.09	4	6.6	0.383333333	5.43	0	0	0	0	33000	0	0	NA	NA	NA	33000	1	0	0
"89"	"EP"	"W2"	"EPW2"	"BS"	"W"	6	655	66.16157	-137.10013	0	90	45	1.154737235	0	0.785398163	-2.562181619	0.729	47.33	5.93	4	12.5	0.416666667	3.09	0	0	0	0	18000	0	0	NA	NA	NA	18000	1	0	0
"90"	"EP"	"W3"	"EPW3"	"BS"	"W"	6	623	66.16792	-137.06586	0	90	45	1.154848063	0	0.785398163	-2.560551693	0.729	29.67	5.88	5	8.5	0.291666667	2.33	0	0	0	0	44000	0	0	NA	NA	NA	44000	1	0	0
